data/oscar_current_data_V.json
{"header": { "discipline":10, "disciplineName":"Oceanographic_products", "center":-3, "centerName":"Earth & Space Research", "refTime":"2014-01-31T00:00:00.000Z", "significanceOfRT":0, "significanceOfRTName":"Analysis", "parameterCategory":1, "parameterCategoryName":"Currents", "parameterNumber":3, "parameterNumberName":"V_component_of_current", "parameterUnit":"m.s-1", "forecastTime":0, "surface1Type":160, "surface1TypeName":"Depth below sea level", "surface1Value":15, "numberPoints":519480, "shape":0, "shapeName":"Earth spherical with radius = 6,367,470 m", "scanMode":0, "nx":1080, "ny":481, "lo1":20, "la1":80, "lo2":379.6666666666667, "la2":-80, "dx":0.3333333333333333, "dy":0.3333333333333333 }, "data":
[rows 333 to 369 of 481, columns 830 to 912 of 1080]
null,null,null,null,null,null,null,null,null,null,null,null,null,null,null,null,null,null,null,null,null,null,null,null,null,null,null,null,null,null,null,null,null,null,null,null,null,-0.06,-0.04,0.08,0.1,0.06,0.06,0.04,-0.06,-0.18,-0.34,-0.38,-0.24,-0.08,-0.02,-0.04,-0.04,0,0.08,0.14,0.14,0.06,-0.02,-0.02,0.02,0.08,0.14,0.16,0.1,-0.02,-0.06,-0.04,-0.08,-0.16,-0.18,-0.1,0,0.06,0.1,0.1,0.04,-0.04,-0.12,-0.12,-0.04,0.02,0
null,null,null,null,null,null,null,null,null,null,null,null,null,null,null,null,null,null,null,null,null,null,null,null,null,null,null,null,null,null,null,null,null,null,null,null,0.16,0.1,0.02,-0.02,-0.06,0.04,0.08,-0.04,-0.2,-0.32,-0.38,-0.36,-0.2,-0.06,0,-0.02,-0.04,0.02,0.08,0.12,0.14,0.1,0.04,0.02,0.02,0.1,0.18,0.2,0.06,-0.06,-0.06,-0.02,-0.02,-0.12,-0.16,-0.12,-0.04,0.04,0.12,0.1,0.04,-0.04,-0.12,-0.14,-0.08,0,0.02
null,null,null,null,null,null,null,null,null,null,null,null,null,null,null,null,null,null,null,null,null,null,null,null,null,null,null,null,null,null,null,null,null,null,null,null,0.28,0.14,-0.04,-0.12,-0.08,0.06,0.08,-0.1,-0.34,-0.4,-0.32,-0.22,-0.08,0.04,0.08,0.02,-0.08,-0.1,-0.02,0.04,0.1,0.14,0.12,0.04,0.02,0.08,0.18,0.18,0.04,-0.08,-0.06,0.02,0.02,-0.06,-0.12,-0.08,-0.04,0.04,0.12,0.12,0.04,-0.06,-0.14,-0.16,-0.1,-0.02,0.02
null,null,null,null,null,null,null,null,null,null,null,null,null,null,null,null,null,null,null,null,null,null,null,null,null,null,null,null,null,null,null,null,null,null,null,null,0.38,0.2,-0.02,-0.14,-0.14,-0.02,0.04,-0.1,-0.28,-0.3,-0.18,-0.08,0.02,0.12,0.2,0.14,-0.06,-0.22,-0.24,-0.14,0.04,0.16,0.16,0.1,0.04,0.08,0.12,0.1,-0.02,-0.08,-0.04,0.04,0.04,-0.02,-0.06,-0.04,0,0.06,0.12,0.12,0.04,-0.1,-0.18,-0.18,-0.12,-0.04,0
null,null,null,null,null,null,null,null,null,null,null,null,null,null,null,null,null,null,null,null,null,null,null,null,null,null,null,null,null,null,null,null,null,null,null,0.2,0.44,0.3,0.06,-0.16,-0.22,-0.12,-0.02,-0.06,-0.16,-0.14,-0.06,0,0.04,0.1,0.2,0.2,0.06,-0.16,-0.32,-0.28,-0.06,0.12,0.16,0.14,0.1,0.06,0.06,0.02,-0.04,-0.08,-0.04,0.04,0.06,0,-0.04,-0.02,0.02,0.06,0.1,0.1,0.02,-0.1,-0.2,-0.18,-0.1,-0.02,0.02
null,null,null,null,null,null,null,null,null,null,null,null,null,null,null,null,null,null,null,null,null,null,null,null,null,null,null,null,null,null,null,null,null,null,-0.36,0.08,0.42,0.34,0.08,-0.16,-0.22,-0.16,-0.1,-0.1,-0.12,-0.04,0.04,0.02,0.02,0.04,0.12,0.16,0.12,-0.02,-0.2,-0.24,-0.1,0.06,0.14,0.18,0.14,0.06,-0.02,-0.04,-0.06,-0.08,-0.06,0,0.06,0.02,-0.02,-0.04,0,0.04,0.08,0.08,0.02,-0.06,-0.16,-0.14,-0.06,0.04,0.08
null,null,null,null,null,null,null,null,null,null,null,null,null,null,null,null,null,null,null,null,null,null,null,null,null,null,null,null,null,null,null,null,null,null,-0.42,-0.02,0.32,0.28,0.06,-0.14,-0.18,-0.14,-0.14,-0.18,-0.14,-0.02,0.06,0.06,0.02,-0.02,0.02,0.06,0.08,0.04,-0.02,-0.04,-0.02,0,0.06,0.18,0.18,0.06,-0.04,-0.04,-0.02,-0.06,-0.1,-0.04,0.04,0.04,0,-0.04,-0.02,0.04,0.08,0.1,0.06,-0.02,-0.1,-0.08,0.02,0.12,0.1
null,null,null,null,null,null,null,null,null,null,null,null,null,null,null,null,null,null,null,null,null,null,null,null,null,null,null,null,null,null,null,null,null,-0.36,-0.3,-0.02,0.18,0.16,-0.02,-0.16,-0.18,-0.16,-0.18,-0.18,-0.1,0.02,0.06,0.02,-0.04,-0.06,-0.02,0,0.02,0.04,0.08,0.16,0.12,0.02,-0.02,0.1,0.16,0.08,0,0,0.04,-0.02,-0.1,-0.06,0.02,0.02,-0.02,-0.04,-0.02,0.04,0.1,0.12,0.08,0.04,-0.02,-0.02,0.04,0.1,0.04
null,null,null,null,null,null,null,null,null,null,null,null,null,null,null,null,null,null,null,null,null,null,null,null,null,null,null,null,null,null,null,null,-0.1,-0.2,-0.12,0,0.02,0,-0.08,-0.14,-0.16,-0.16,-0.16,-0.06,0.04,0.08,-0.02,-0.14,-0.18,-0.1,0,0.02,-0.02,0.02,0.12,0.24,0.2,0.04,-0.04,0.02,0.1,0.1,0.06,0.06,0.06,0,-0.04,-0.02,0.02,0.02,0,-0.04,-0.04,0,0.06,0.1,0.08,0.06,0.02,0.02,0.04,0.02,0
null,null,null,null,null,null,null,null,null,null,null,null,null,null,null,null,null,null,null,null,null,null,null,null,null,null,null,null,null,null,null,0.04,-0.06,-0.06,-0.02,-0.06,-0.1,-0.12,-0.12,-0.12,-0.1,-0.06,0.02,0.16,0.24,0.14,-0.1,-0.3,-0.32,-0.18,-0.04,-0.02,-0.04,0.02,0.16,0.24,0.18,0.08,0,0,0.04,0.1,0.1,0.06,0.02,0,0.02,0.02,0.04,0.04,0.04,0.02,-0.04,-0.06,-0.02,0.08,0.08,0.04,0.02,0.02,0.02,0.02,0.02
null,null,null,null,null,null,null,null,null,null,null,null,null,null,null,null,null,null,null,null,null,null,null,null,null,null,null,null,null,null,0.1,0.02,-0.02,-0.02,-0.06,-0.1,-0.16,-0.16,-0.12,-0.08,0,0.12,0.28,0.36,0.34,0.18,-0.06,-0.28,-0.42,-0.38,-0.2,-0.08,0,0.12,0.22,0.22,0.1,0.02,-0.04,-0.04,0.02,0.12,0.1,0,-0.04,0,0.06,0.06,0.04,0.04,0.06,0.06,0,-0.08,-0.04,0.04,0.08,0.02,0,0,0.02,0.02,0.04
null,null,null,null,null,null,null,null,null,null,null,null,null,null,null,null,null,null,null,0.56,null,null,null,null,null,null,null,null,null,0.18,0.16,0.06,0,-0.06,-0.16,-0.2,-0.18,-0.14,-0.08,0,0.12,0.32,0.44,0.44,0.34,0.18,0.02,-0.2,-0.44,-0.52,-0.3,0,0.22,0.3,0.26,0.08,-0.08,-0.14,-0.12,-0.08,0.02,0.1,0.08,-0.04,-0.08,0,0.08,0.1,0.06,0.04,0.04,0.06,0.04,-0.04,-0.04,0.04,0.08,0.06,0.02,0,-0.02,0,0
null,null,null,null,null,null,null,null,null,null,null,null,null,null,null,null,null,null,null,null,0.66,0.24,-0.06,-0.12,-0.1,null,null,-0.02,0.08,0.18,0.18,0.08,-0.02,-0.14,-0.3,-0.32,-0.24,-0.12,0,0.1,0.28,0.48,0.52,0.42,0.26,0.14,0,-0.2,-0.42,-0.46,-0.18,0.24,0.48,0.42,0.14,-0.18,-0.32,-0.28,-0.18,-0.1,0,0.06,0.06,-0.04,-0.06,0,0.08,0.1,0.08,0.08,0.08,0.06,0.02,-0.02,0,0.08,0.12,0.1,0.06,0.02,-0.02,-0.06,-0.04
null,null,null,null,null,null,null,null,null,null,null,null,null,null,null,null,null,null,null,null,0.14,0.06,-0.02,-0.1,-0.12,-0.04,-0.04,-0.02,0.08,0.18,0.18,0.06,-0.08,-0.24,-0.38,-0.42,-0.3,-0.12,0.02,0.16,0.36,0.56,0.54,0.34,0.16,0.04,-0.08,-0.2,-0.28,-0.24,0.02,0.34,0.54,0.42,0.06,-0.28,-0.36,-0.28,-0.2,-0.12,-0.06,0.02,0.06,0.02,-0.02,0,0.08,0.12,0.12,0.12,0.12,0.1,0.04,-0.02,0,0.1,0.14,0.12,0.08,0.02,-0.04,-0.1,-0.08
null,null,null,null,null,null,null,null,null,null,null,null,null,null,null,null,null,null,null,null,-0.3,-0.04,0.1,0,-0.14,-0.02,0.02,0,0.08,0.18,0.18,0,-0.16,-0.28,-0.38,-0.46,-0.4,-0.18,0.04,0.2,0.36,0.48,0.46,0.3,0.12,-0.04,-0.14,-0.14,-0.08,-0.02,0.08,0.26,0.44,0.38,0.06,-0.2,-0.22,-0.16,-0.18,-0.18,-0.12,0.02,0.12,0.08,0.02,0.02,0.08,0.12,0.14,0.14,0.16,0.14,0.08,0.02,0.06,0.14,0.12,0.08,0.04,0,-0.06,-0.12,-0.1
null,null,null,null,null,null,null,null,null,null,null,null,null,null,null,null,null,null,null,null,null,-0.12,0,-0.04,-0.14,-0.04,0.02,0.06,0.12,0.18,0.1,-0.08,-0.2,-0.22,-0.28,-0.42,-0.46,-0.28,0.02,0.22,0.3,0.32,0.3,0.28,0.18,-0.02,-0.16,-0.14,-0.04,0.06,0.12,0.2,0.34,0.28,0.06,-0.06,-0.04,-0.04,-0.14,-0.2,-0.08,0.1,0.14,0.04,0.02,0.06,0.14,0.16,0.14,0.12,0.12,0.1,0.08,0.08,0.14,0.18,0.12,0.02,-0.04,-0.04,-0.08,-0.12,-0.12
null,null,null,null,null,null,null,null,null,null,null,null,null,null,null,null,null,null,null,null,null,-0.18,-0.14,-0.06,-0.04,-0.04,0.04,0.08,0.08,0.06,0,-0.1,-0.16,-0.16,-0.22,-0.4,-0.5,-0.36,-0.04,0.24,0.36,0.26,0.16,0.18,0.18,-0.02,-0.2,-0.18,-0.04,0.12,0.18,0.24,0.26,0.16,0.02,0,0.06,0.02,-0.12,-0.14,0.04,0.2,0.14,-0.02,-0.04,0.08,0.18,0.22,0.18,0.12,0.08,0.06,0.1,0.16,0.2,0.18,0.06,-0.06,-0.06,-0.02,-0.02,-0.06,-0.06
null,null,null,null,null,null,null,null,null,null,null,null,null,null,null,null,null,null,null,null,null,-0.26,-0.16,0,0.06,0.06,0.08,0.06,0,-0.04,-0.06,-0.08,-0.12,-0.14,-0.18,-0.32,-0.46,-0.42,-0.12,0.28,0.46,0.32,0.08,0,0,-0.14,-0.28,-0.2,0.02,0.18,0.2,0.2,0.2,0.08,-0.06,-0.06,0.02,0,-0.06,-0.02,0.16,0.26,0.18,0,-0.04,0.06,0.18,0.26,0.24,0.14,0.08,0.08,0.12,0.2,0.2,0.12,0,-0.08,-0.02,0.04,0.04,0.02,0
null,null,null,null,null,null,null,null,null,null,null,null,null,null,null,null,null,null,null,null,null,-0.16,-0.02,0.1,0.14,0.08,0.04,0.04,-0.02,-0.02,0,-0.06,-0.18,-0.16,-0.12,-0.28,-0.46,-0.42,-0.14,0.2,0.4,0.28,0.02,-0.16,-0.18,-0.22,-0.24,-0.12,0.1,0.18,0.12,0.12,0.14,0.06,-0.08,-0.14,-0.12,-0.1,-0.06,0.08,0.26,0.36,0.28,0.12,0.02,0.04,0.14,0.22,0.24,0.16,0.08,0.02,0.06,0.16,0.2,0.12,0.02,-0.02,0.02,0.06,0.04,0.04,0.06
null,null,null,null,null,null,null,null,null,null,null,null,null,null,null,null,null,null,null,null,null,0,0.08,0.12,0.1,-0.02,-0.04,-0.04,-0.12,-0.1,0.02,-0.02,-0.14,-0.02,0.1,-0.14,-0.46,-0.46,-0.22,0.04,0.2,0.14,-0.08,-0.2,-0.22,-0.18,-0.12,-0.06,0.06,0.08,0,0.04,0.14,0.08,-0.06,-0.16,-0.14,-0.1,-0.04,0.1,0.32,0.44,0.38,0.18,0.02,-0.02,0.04,0.16,0.22,0.18,0.08,-0.06,-0.02,0.12,0.18,0.16,0.1,0.06,0.04,0.04,0,0.02,0.08
null,null,null,null,null,null,null,null,null,null,null,null,null,null,null,null,null,null,null,null,0,0.06,0.06,0.06,0.04,-0.04,-0.1,-0.22,-0.4,-0.32,-0.08,0.04,0.06,0.24,0.36,0.08,-0.34,-0.46,-0.34,-0.16,-0.06,-0.08,-0.18,-0.16,-0.08,-0.02,0,-0.04,-0.06,-0.08,-0.14,-0.04,0.08,0.08,0.02,-0.08,-0.1,0,0.06,0.12,0.28,0.44,0.38,0.16,-0.08,-0.14,-0.08,0.08,0.16,0.16,0.06,-0.06,-0.04,0.08,0.12,0.14,0.16,0.14,0.08,0.02,0,0.02,0.08
null,null,null,null,null,null,null,null,null,null,null,null,null,null,null,null,null,null,null,0.06,0.08,0.04,0.02,0.06,0.04,-0.04,-0.16,-0.38,-0.6,-0.48,-0.18,0.02,0.16,0.38,0.52,0.34,-0.04,-0.32,-0.44,-0.36,-0.22,-0.18,-0.2,-0.16,-0.06,0,-0.08,-0.18,-0.2,-0.16,-0.14,0,0.16,0.22,0.18,0.06,0.02,0.14,0.26,0.2,0.16,0.28,0.32,0.1,-0.16,-0.24,-0.16,-0.02,0.06,0.06,0.02,-0.06,-0.02,0.06,0.06,0.08,0.16,0.16,0.1,0.04,0,0.02,0.06
null,null,null,null,null,null,null,null,null,null,null,null,null,null,null,null,null,null,0.12,0.16,0.1,0,0,0.06,0,-0.1,-0.2,-0.4,-0.56,-0.48,-0.26,-0.08,0.12,0.42,0.6,0.5,0.16,-0.2,-0.44,-0.46,-0.34,-0.22,-0.18,-0.14,-0.06,-0.08,-0.2,-0.34,-0.32,-0.16,0.02,0.24,0.42,0.4,0.28,0.16,0.1,0.18,0.32,0.22,0.04,0.08,0.2,0.1,-0.14,-0.24,-0.18,-0.06,-0.02,-0.04,-0.06,-0.06,0,0.06,0.04,0.06,0.1,0.12,0.1,0.08,0.06,0.06,0.08
null,null,null,null,null,null,null,null,null,null,null,null,null,null,null,-0.08,-0.04,0.08,0.16,0.1,0.06,0.04,0.04,0.04,-0.04,-0.14,-0.18,-0.28,-0.44,-0.46,-0.38,-0.24,0.08,0.46,0.66,0.52,0.14,-0.24,-0.44,-0.44,-0.36,-0.28,-0.22,-0.18,-0.12,-0.16,-0.3,-0.4,-0.34,-0.08,0.24,0.52,0.64,0.46,0.24,0.14,0.08,0.12,0.22,0.18,0,-0.04,0.08,0.1,-0.06,-0.18,-0.14,-0.02,0,-0.08,-0.12,-0.1,-0.04,-0.02,0,0.04,0.1,0.1,0.12,0.18,0.2,0.14,0.12
null,null,null,null,null,null,null,null,null,null,0.12,0.14,0,-0.04,-0.08,-0.12,-0.06,0.1,0.12,0.04,0.02,0.1,0.1,0.08,0.02,-0.06,-0.08,-0.18,-0.38,-0.48,-0.48,-0.36,0,0.44,0.68,0.58,0.14,-0.34,-0.54,-0.48,-0.38,-0.3,-0.24,-0.2,-0.2,-0.2,-0.26,-0.34,-0.2,0.12,0.44,0.66,0.68,0.44,0.16,0.04,-0.02,-0.02,0.06,0.08,0,-0.06,0.04,0.1,0,-0.12,-0.1,0.04,0.04,-0.06,-0.12,-0.14,-0.14,-0.1,-0.04,0.06,0.14,0.16,0.24,0.3,0.3,0.2,0.12
null,null,null,null,null,null,0.08,-0.08,-0.24,-0.1,0.14,0.1,0.06,0.06,0,-0.06,-0.06,0.02,0.04,0.02,0.04,0.08,0.12,0.2,0.24,0.1,-0.08,-0.32,-0.46,-0.44,-0.4,-0.28,-0.04,0.32,0.6,0.58,0.2,-0.3,-0.6,-0.64,-0.5,-0.32,-0.18,-0.18,-0.22,-0.24,-0.26,-0.24,-0.02,0.32,0.54,0.6,0.54,0.36,0.16,0.04,-0.02,-0.06,-0.04,0.02,0,-0.04,0.06,0.14,0.04,-0.1,-0.12,-0.02,0.02,-0.02,-0.1,-0.18,-0.18,-0.1,-0.02,0.08,0.16,0.24,0.28,0.3,0.24,0.16,0.1
null,null,null,null,null,null,0.1,0.04,-0.06,-0.06,0.04,0.04,0.08,0.18,0.14,0.02,-0.06,-0.04,0,0,0.02,0.04,0.12,0.34,0.4,0.16,-0.16,-0.52,-0.72,-0.58,-0.3,0,0.18,0.34,0.52,0.46,0.18,-0.16,-0.48,-0.66,-0.58,-0.34,-0.22,-0.24,-0.28,-0.26,-0.26,-0.14,0.14,0.44,0.58,0.56,0.48,0.32,0.14,0.02,-0.06,-0.14,-0.16,-0.1,0.02,0.1,0.18,0.2,0.1,-0.08,-0.16,-0.08,-0.02,-0.06,-0.14,-0.22,-0.18,-0.08,0.04,0.12,0.18,0.22,0.22,0.2,0.16,0.16,0.16
null,null,null,null,null,0.04,0.08,0.12,0.04,-0.02,0,0.06,0.16,0.22,0.2,0.06,-0.06,-0.04,0,-0.02,0,0.06,0.16,0.36,0.38,0.14,-0.22,-0.66,-0.98,-0.92,-0.38,0.26,0.62,0.66,0.56,0.3,0.04,-0.06,-0.22,-0.4,-0.4,-0.32,-0.38,-0.46,-0.44,-0.32,-0.22,-0.02,0.26,0.44,0.5,0.44,0.4,0.28,0.14,0.02,-0.06,-0.2,-0.26,-0.16,0.06,0.22,0.3,0.28,0.14,-0.06,-0.18,-0.18,-0.14,-0.18,-0.24,-0.26,-0.22,-0.1,0.1,0.24,0.26,0.2,0.14,0.1,0.12,0.2,0.28
null,null,null,null,null,0.02,0.08,0.12,0.04,-0.02,0.04,0.14,0.22,0.22,0.14,0.02,-0.06,-0.02,-0.02,-0.02,0.08,0.2,0.2,0.26,0.26,0.06,-0.32,-0.74,-1.08,-1.12,-0.58,0.26,0.92,1.08,0.78,0.24,-0.1,-0.06,0,0,-0.06,-0.24,-0.48,-0.7,-0.68,-0.44,-0.12,0.24,0.4,0.36,0.3,0.24,0.22,0.2,0.16,0.14,0.04,-0.18,-0.26,-0.1,0.12,0.22,0.26,0.22,0.14,0.02,-0.16,-0.28,-0.32,-0.3,-0.28,-0.26,-0.22,-0.1,0.18,0.38,0.4,0.24,0.1,0.04,0.1,0.2,0.3
null,null,null,null,null,0.04,0.14,0.12,0.02,0.02,0.12,0.18,0.2,0.16,0.04,-0.08,-0.06,0,0.02,0.06,0.22,0.3,0.2,0.12,0.08,-0.12,-0.46,-0.76,-1,-1,-0.58,0.14,0.88,1.22,0.92,0.22,-0.12,0.04,0.16,0.18,0.1,-0.12,-0.42,-0.7,-0.72,-0.44,-0.06,0.26,0.34,0.22,0.16,0.1,0.04,0.06,0.16,0.24,0.16,-0.06,-0.16,-0.04,0.1,0.12,0.1,0.08,0.06,-0.04,-0.2,-0.34,-0.38,-0.32,-0.22,-0.18,-0.1,0.08,0.34,0.48,0.44,0.24,0.02,-0.06,0.02,0.12,0.2
null,null,null,null,-0.02,0.1,0.16,0.08,0,0.08,0.22,0.2,0.16,0.12,-0.02,-0.12,-0.08,0.04,0.12,0.2,0.34,0.32,0.14,0.02,-0.08,-0.26,-0.52,-0.72,-0.86,-0.76,-0.46,0.06,0.72,1.14,0.92,0.22,-0.06,0.16,0.24,0.16,0.06,-0.12,-0.3,-0.46,-0.46,-0.3,-0.12,0.04,0.12,0.12,0.1,0.02,-0.02,0.06,0.22,0.28,0.2,0.04,-0.04,-0.02,0.02,0.04,0.02,0,-0.06,-0.12,-0.24,-0.38,-0.4,-0.26,-0.1,0,0.12,0.34,0.52,0.48,0.3,0.08,-0.12,-0.16,-0.06,0.06,0.1
0.22,0.32,0.12,-0.06,0,0.18,0.2,0.02,-0.08,0.08,0.26,0.22,0.16,0.1,0,-0.1,-0.06,0.1,0.24,0.32,0.32,0.22,0.1,-0.04,-0.16,-0.32,-0.54,-0.7,-0.72,-0.58,-0.34,0.08,0.68,1.06,0.84,0.28,0.02,0.1,0.14,0.06,-0.04,-0.14,-0.22,-0.2,-0.16,-0.18,-0.2,-0.18,-0.06,0.04,0.04,0,0.06,0.2,0.22,0.16,0.1,0.06,0.02,-0.04,-0.04,0.04,0.06,-0.06,-0.16,-0.2,-0.3,-0.44,-0.38,-0.1,0.16,0.28,0.4,0.56,0.54,0.3,0.04,-0.12,-0.18,-0.14,-0.06,-0.02,-0.02
0.2,0.32,0.16,0,0.06,0.2,0.16,0.02,-0.06,0.04,0.16,0.18,0.16,0.12,0.06,-0.02,0.02,0.2,0.36,0.36,0.26,0.12,0,-0.1,-0.2,-0.38,-0.62,-0.74,-0.66,-0.38,-0.12,0.26,0.8,1.06,0.74,0.18,-0.1,-0.08,0.02,0.04,-0.04,-0.14,-0.18,-0.14,-0.06,-0.08,-0.16,-0.2,-0.12,-0.02,0.04,0.08,0.16,0.22,0.14,0.04,0.02,0.04,0.02,-0.06,-0.04,0.04,0.06,-0.08,-0.2,-0.2,-0.22,-0.28,-0.16,0.1,0.3,0.36,0.42,0.46,0.34,0.12,-0.06,-0.16,-0.16,-0.1,-0.08,-0.08,-0.12
null,0.22,0.14,0.04,0.06,0.14,0.12,0.04,0.02,0.04,0.08,0.1,0.12,0.1,0.1,0.08,0.14,0.3,0.38,0.32,0.18,0.06,-0.08,-0.18,-0.26,-0.44,-0.66,-0.74,-0.58,-0.24,0.12,0.5,0.88,0.94,0.58,0.04,-0.24,-0.2,-0.02,0.1,0.04,-0.06,-0.14,-0.14,-0.06,-0.02,-0.08,-0.18,-0.14,0,0.1,0.2,0.24,0.18,0.04,-0.06,-0.06,-0.02,-0.04,-0.06,-0.06,0.02,0.02,-0.1,-0.18,-0.1,-0.02,-0.02,0.06,0.2,0.32,0.32,0.32,0.28,0.16,0.04,-0.06,-0.12,-0.12,-0.08,-0.1,-0.16,-0.2
null,0.14,0.12,0.02,0.04,0.06,0.02,0.04,0.1,0.12,0.1,0.06,0.08,0.14,0.16,0.18,0.22,0.24,0.26,0.2,0.08,-0.02,-0.08,-0.16,-0.34,-0.6,-0.8,-0.74,-0.42,0,0.38,0.66,0.82,0.7,0.34,-0.12,-0.36,-0.24,0.06,0.22,0.14,-0.02,-0.1,-0.1,-0.02,0.02,-0.08,-0.14,-0.06,0.08,0.18,0.24,0.22,0.1,-0.06,-0.16,-0.1,-0.04,-0.06,-0.1,-0.06,0,0,-0.08,-0.04,0.16,0.26,0.14,0.04,0.08,0.2,0.22,0.22,0.18,0.08,-0.02,-0.08,-0.12,-0.08,-0.02,-0.06,-0.18,-0.24
0.06,0.12,0.12,0.06,0.02,-0.02,-0.04,0.04,0.12,0.14,0.08,0.04,0.08,0.22,0.3,0.28,0.22,0.14,0.12,0.08,0.02,-0.02,-0.04,-0.16,-0.4,-0.7,-0.88,-0.66,-0.16,0.3,0.56,0.66,0.62,0.42,0.06,-0.3,-0.46,-0.24,0.14,0.38,0.28,0.06,-0.06,-0.08,0,0.04,-0.04,-0.06,0.04,0.12,0.14,0.16,0.14,0.04,-0.08,-0.1,-0.04,0.02,-0.02,-0.08,-0.06,0.02,0.04,0.02,0.06,0.2,0.26,0.18,0.08,0.08,0.12,0.14,0.18,0.16,0.06,-0.02,-0.08,-0.1,-0.06,0,-0.04,-0.16,-0.22
0,0.1,0.16,0.12,0,-0.06,-0.06,0.04,0.1,0.1,0.08,0.08,0.18,0.34,0.36,0.26,0.14,0.08,0.06,0.02,0,0.02,0,-0.2,-0.5,-0.78,-0.88,-0.54,0.14,0.6,0.66,0.5,0.38,0.28,-0.02,-0.4,-0.56,-0.32,0.16,0.44,0.36,0.12,-0.02,-0.08,-0.04,0.02,0.02,0.02,0.08,0.08,0.06,0.04,0.02,-0.02,-0.04,0.02,0.04,0.06,0.04,0,0,0.06,0.08,0.1,0.12,0.16,0.16,0.12,0.1,0.14,0.14,0.16,0.2,0.16,0.06,-0.02,-0.06,-0.1,-0.08,-0.04,-0.04,-0.1,-0.1
