data/oscar_current_data_V.json
{"header": { "discipline":10, "disciplineName":"Oceanographic_products", "center":-3, "centerName":"Earth & Space Research", "refTime":"2014-01-31T00:00:00.000Z", "significanceOfRT":0, "significanceOfRTName":"Analysis", "parameterCategory":1, "parameterCategoryName":"Currents", "parameterNumber":3, "parameterNumberName":"V_component_of_current", "parameterUnit":"m.s-1", "forecastTime":0, "surface1Type":160, "surface1TypeName":"Depth below sea level", "surface1Value":15, "numberPoints":519480, "shape":0, "shapeName":"Earth spherical with radius = 6,367,470 m", "scanMode":0, "nx":1080, "ny":481, "lo1":20, "la1":80, "lo2":379.6666666666667, "la2":-80, "dx":0.3333333333333333, "dy":0.3333333333333333 }, "data":
[rows 259 to 295 of 481, columns 415 to 497 of 1080]
-0.24,-0.24,-0.26,-0.32,-0.34,-0.28,-0.16,-0.1,-0.14,-0.16,-0.18,-0.24,-0.34,-0.42,-0.5,-0.5,-0.48,-0.44,-0.36,-0.3,-0.24,-0.16,-0.12,-0.14,-0.22,-0.26,-0.24,-0.16,-0.06,0.02,0.06,0.12,0.14,0.08,-0.06,-0.12,-0.12,-0.14,-0.2,-0.22,-0.2,-0.22,-0.26,-0.2,-0.12,-0.08,-0.12,-0.1,-0.08,-0.08,-0.12,-0.1,-0.06,-0.04,-0.02,-0.02,-0.02,-0.02,-0.06,-0.12,-0.18,-0.22,-0.2,-0.2,-0.2,-0.14,-0.04,0.02,0.02,-0.02,-0.08,-0.1,-0.1,-0.12,-0.12,-0.12,-0.08,-0.02,0,0.02,0.02,0.04,0.06
-0.2,-0.18,-0.18,-0.26,-0.32,-0.3,-0.24,-0.2,-0.2,-0.2,-0.2,-0.22,-0.28,-0.36,-0.48,-0.52,-0.5,-0.44,-0.36,-0.24,-0.14,-0.1,-0.1,-0.14,-0.2,-0.22,-0.24,-0.2,-0.12,-0.04,0.04,0.12,0.12,0.06,-0.04,-0.12,-0.14,-0.18,-0.22,-0.22,-0.22,-0.22,-0.28,-0.28,-0.2,-0.16,-0.16,-0.12,-0.08,-0.04,-0.04,-0.06,-0.04,0,0.02,0.02,-0.02,-0.04,-0.08,-0.14,-0.22,-0.24,-0.24,-0.26,-0.26,-0.2,-0.1,-0.02,0.02,0,-0.04,-0.1,-0.14,-0.18,-0.2,-0.18,-0.12,-0.02,0.06,0.1,0.06,0.06,0.06
-0.14,-0.1,-0.1,-0.18,-0.3,-0.3,-0.28,-0.24,-0.22,-0.24,-0.26,-0.26,-0.26,-0.3,-0.42,-0.5,-0.5,-0.44,-0.32,-0.2,-0.1,-0.06,-0.08,-0.1,-0.12,-0.16,-0.2,-0.2,-0.16,-0.1,0,0.08,0.06,0,-0.08,-0.14,-0.2,-0.26,-0.28,-0.28,-0.24,-0.24,-0.26,-0.26,-0.2,-0.16,-0.14,-0.08,-0.02,0,0,-0.02,0,0.02,0.06,0.04,0,-0.06,-0.1,-0.16,-0.24,-0.28,-0.3,-0.32,-0.3,-0.24,-0.14,-0.06,-0.02,-0.02,-0.02,-0.08,-0.16,-0.22,-0.24,-0.22,-0.16,-0.04,0.08,0.14,0.08,0.06,0.06
-0.16,-0.1,-0.04,-0.12,-0.22,-0.26,-0.24,-0.24,-0.24,-0.3,-0.32,-0.32,-0.26,-0.28,-0.38,-0.44,-0.46,-0.4,-0.28,-0.16,-0.06,-0.02,-0.04,-0.06,-0.06,-0.08,-0.14,-0.18,-0.16,-0.1,-0.04,0,-0.04,-0.1,-0.14,-0.18,-0.26,-0.34,-0.36,-0.34,-0.26,-0.22,-0.2,-0.18,-0.14,-0.14,-0.12,-0.04,-0.02,-0.02,-0.02,-0.02,0,0.02,0.06,0.04,0.02,-0.02,-0.08,-0.14,-0.22,-0.28,-0.34,-0.36,-0.34,-0.28,-0.18,-0.1,-0.06,-0.04,-0.02,-0.06,-0.14,-0.2,-0.26,-0.26,-0.2,-0.06,0.08,0.12,0.08,0.04,0.04
-0.26,-0.32,-0.04,0,-0.14,-0.22,-0.24,-0.22,-0.26,-0.32,-0.38,-0.36,-0.28,-0.26,-0.32,-0.36,-0.36,-0.3,-0.2,-0.12,-0.04,-0.02,-0.04,-0.04,-0.02,-0.02,-0.08,-0.14,-0.14,-0.1,-0.08,-0.08,-0.14,-0.2,-0.22,-0.26,-0.32,-0.38,-0.42,-0.38,-0.3,-0.2,-0.12,-0.08,-0.08,-0.1,-0.08,-0.02,-0.02,-0.04,-0.06,-0.06,-0.04,0,0.04,0.04,0.02,0,-0.06,-0.1,-0.2,-0.3,-0.34,-0.34,-0.32,-0.28,-0.18,-0.12,-0.12,-0.1,-0.06,-0.08,-0.12,-0.18,-0.26,-0.28,-0.22,-0.1,0.04,0.08,0.04,-0.02,-0.02
-0.36,-0.3,0.08,0.02,-0.26,-0.26,-0.22,-0.22,-0.26,-0.32,-0.4,-0.38,-0.28,-0.24,-0.26,-0.26,-0.24,-0.18,-0.16,-0.1,-0.04,-0.02,-0.04,-0.04,-0.02,0,-0.04,-0.1,-0.1,-0.08,-0.12,-0.16,-0.22,-0.28,-0.3,-0.34,-0.36,-0.4,-0.4,-0.38,-0.32,-0.2,-0.06,-0.02,-0.06,-0.08,-0.04,-0.02,-0.04,-0.08,-0.08,-0.08,-0.06,0,0.04,0.04,0.02,0,-0.06,-0.1,-0.18,-0.26,-0.3,-0.26,-0.22,-0.18,-0.12,-0.12,-0.2,-0.22,-0.18,-0.12,-0.1,-0.14,-0.2,-0.24,-0.24,-0.14,-0.04,-0.02,-0.04,-0.08,-0.1
-0.52,-0.4,0.12,0.3,-0.16,-0.4,-0.18,null,null,null,-0.38,-0.36,-0.26,-0.22,-0.22,-0.2,-0.14,-0.1,-0.12,-0.1,-0.04,-0.04,-0.04,-0.02,-0.02,0,0,-0.04,-0.06,-0.06,-0.12,-0.2,-0.28,-0.32,-0.36,-0.38,-0.38,-0.38,-0.38,-0.36,-0.3,-0.2,-0.08,-0.02,-0.06,-0.06,-0.02,-0.02,-0.04,-0.08,-0.1,-0.08,-0.08,-0.02,0.04,0.04,0.04,0,-0.06,-0.1,-0.18,-0.24,-0.24,-0.2,-0.14,-0.08,-0.04,-0.1,-0.22,-0.28,-0.24,-0.16,-0.1,-0.12,-0.16,-0.2,-0.22,-0.18,-0.12,-0.1,-0.12,-0.14,-0.14
-0.5,-0.34,0.2,0.28,-0.14,-0.26,-0.12,null,null,null,-0.32,-0.3,-0.22,-0.18,-0.18,-0.14,-0.1,-0.08,-0.12,-0.12,-0.04,-0.02,0,0,-0.02,0,0,-0.02,-0.04,-0.06,-0.12,-0.2,-0.28,-0.32,-0.36,-0.36,-0.34,-0.34,-0.32,-0.32,-0.28,-0.22,-0.12,-0.08,-0.08,-0.08,-0.04,-0.02,-0.04,-0.06,-0.08,-0.08,-0.08,-0.04,0.02,0.06,0.04,0,-0.08,-0.14,-0.2,-0.24,-0.2,-0.12,-0.06,-0.02,0,-0.08,-0.22,-0.28,-0.26,-0.2,-0.12,-0.12,-0.14,-0.16,-0.18,-0.16,-0.14,-0.14,-0.16,-0.16,-0.18
-0.36,-0.24,null,null,null,null,null,null,null,null,-0.28,-0.24,-0.14,-0.1,-0.12,-0.14,-0.12,-0.12,-0.14,-0.12,-0.04,0,0,-0.02,-0.06,-0.04,0,-0.02,-0.04,-0.08,-0.1,-0.16,-0.22,-0.26,-0.3,-0.32,-0.3,-0.3,-0.28,-0.26,-0.26,-0.2,-0.16,-0.14,-0.12,-0.12,-0.1,-0.08,-0.06,-0.06,-0.08,-0.08,-0.08,-0.04,0,0.04,0.02,0,-0.06,-0.12,-0.18,-0.2,-0.16,-0.1,-0.06,-0.02,0,-0.06,-0.18,-0.24,-0.24,-0.2,-0.16,-0.14,-0.14,-0.14,-0.16,-0.16,-0.14,-0.14,-0.16,-0.16,-0.16
-0.2,-0.16,null,null,null,null,null,null,-0.58,-0.48,-0.3,-0.18,-0.06,0,-0.08,-0.14,-0.16,-0.18,-0.18,-0.12,-0.04,-0.02,-0.06,-0.1,-0.1,-0.06,0.02,0.02,-0.06,-0.12,-0.12,-0.1,-0.12,-0.16,-0.2,-0.24,-0.26,-0.26,-0.26,-0.24,-0.22,-0.18,-0.14,-0.14,-0.14,-0.14,-0.14,-0.14,-0.1,-0.08,-0.1,-0.1,-0.08,-0.06,-0.04,0,0.02,0.02,-0.02,-0.06,-0.08,-0.14,-0.16,-0.12,-0.1,-0.06,0,-0.02,-0.12,-0.18,-0.18,-0.18,-0.2,-0.18,-0.16,-0.14,-0.16,-0.16,-0.14,-0.14,-0.14,-0.14,-0.14
-0.14,-0.14,null,null,null,null,null,null,-0.18,-0.38,-0.38,-0.1,0.04,0.1,0,-0.12,-0.18,-0.22,-0.22,-0.16,-0.08,-0.08,-0.12,-0.14,-0.1,-0.04,0.04,0.02,-0.08,-0.14,-0.14,-0.1,-0.06,-0.08,-0.1,-0.14,-0.2,-0.24,-0.24,-0.22,-0.22,-0.18,-0.16,-0.14,-0.14,-0.14,-0.16,-0.14,-0.1,-0.08,-0.1,-0.12,-0.1,-0.08,-0.06,-0.02,0.02,0.04,0.02,0,-0.04,-0.1,-0.14,-0.14,-0.14,-0.1,-0.04,-0.02,-0.06,-0.1,-0.1,-0.14,-0.2,-0.2,-0.18,-0.18,-0.2,-0.16,-0.12,-0.1,-0.1,-0.1,-0.1
-0.16,-0.18,null,null,null,null,null,null,-0.28,-0.3,-0.22,-0.02,0.14,0.18,0.08,-0.06,-0.16,-0.24,-0.26,-0.22,-0.18,-0.16,-0.16,-0.14,-0.08,-0.02,0.04,0.02,-0.1,-0.18,-0.18,-0.1,-0.04,-0.02,-0.04,-0.08,-0.16,-0.2,-0.22,-0.22,-0.2,-0.18,-0.18,-0.16,-0.12,-0.12,-0.14,-0.12,-0.08,-0.06,-0.08,-0.12,-0.12,-0.1,-0.06,0,0.06,0.08,0.04,0.02,-0.02,-0.08,-0.12,-0.14,-0.16,-0.12,-0.08,-0.04,-0.04,-0.06,-0.06,-0.1,-0.18,-0.2,-0.2,-0.22,-0.22,-0.16,-0.08,-0.06,-0.08,-0.08,-0.08
-0.14,-0.18,null,null,null,null,null,null,-0.18,-0.28,null,null,null,0.2,0.12,-0.02,-0.14,-0.26,-0.3,-0.28,-0.24,-0.2,-0.16,-0.12,-0.08,-0.02,0.02,0,-0.1,-0.16,-0.18,-0.12,-0.04,0,0,-0.06,-0.14,-0.2,-0.22,-0.2,-0.2,-0.16,-0.16,-0.14,-0.1,-0.08,-0.1,-0.08,-0.04,-0.02,-0.06,-0.1,-0.14,-0.14,-0.08,0.02,0.1,0.12,0.08,0.02,-0.02,-0.08,-0.12,-0.12,-0.14,-0.1,-0.08,-0.04,-0.04,-0.06,-0.06,-0.08,-0.14,-0.18,-0.2,-0.24,-0.24,-0.16,-0.06,-0.04,-0.06,-0.08,-0.08
-0.12,-0.14,null,null,null,null,null,null,-0.24,-0.18,null,null,null,0.2,0.14,0,-0.14,-0.26,-0.3,-0.28,-0.24,-0.2,-0.18,-0.14,-0.1,-0.06,0,0,-0.06,-0.12,-0.16,-0.12,-0.06,-0.02,-0.02,-0.08,-0.14,-0.2,-0.22,-0.2,-0.16,-0.14,-0.1,-0.1,-0.06,-0.06,-0.08,-0.06,-0.04,-0.02,-0.02,-0.06,-0.14,-0.18,-0.12,0,0.1,0.12,0.1,0.02,-0.06,-0.08,-0.08,-0.08,-0.08,-0.06,-0.04,-0.02,-0.02,-0.06,-0.08,-0.08,-0.12,-0.14,-0.16,-0.22,-0.26,-0.18,-0.08,0,-0.02,-0.1,-0.16
-0.12,-0.14,-0.2,-0.26,-0.28,-0.3,-0.26,-0.26,-0.26,-0.2,-0.14,-0.06,0.04,0.12,0.08,0,-0.14,-0.26,-0.28,-0.22,-0.18,-0.16,-0.18,-0.18,-0.14,-0.06,0,0.02,-0.02,-0.1,-0.12,-0.12,-0.1,-0.06,-0.08,-0.14,-0.16,-0.16,-0.18,-0.16,-0.12,-0.1,-0.06,-0.06,-0.04,-0.04,-0.06,-0.08,-0.04,0,0,-0.04,-0.12,-0.2,-0.16,-0.06,0.04,0.1,0.1,0.04,-0.04,-0.06,-0.02,0,-0.02,-0.02,0,0,-0.02,-0.06,-0.08,-0.08,-0.1,-0.1,-0.12,-0.2,-0.24,-0.2,-0.08,0,-0.02,-0.1,-0.2
-0.12,-0.16,-0.22,-0.26,-0.32,-0.32,-0.26,-0.22,-0.24,-0.22,-0.16,-0.08,-0.04,0,0,-0.04,-0.14,-0.22,-0.22,-0.14,-0.1,-0.12,-0.16,-0.18,-0.16,-0.08,-0.02,0,-0.04,-0.08,-0.1,-0.14,-0.12,-0.12,-0.16,-0.18,-0.16,-0.12,-0.14,-0.12,-0.1,-0.06,-0.04,-0.04,-0.04,-0.04,-0.08,-0.08,-0.04,0,0.02,-0.02,-0.12,-0.2,-0.22,-0.14,-0.02,0.04,0.08,0.06,0.02,0.02,0.06,0.06,0.04,0,0,-0.02,-0.04,-0.06,-0.08,-0.06,-0.08,-0.1,-0.1,-0.16,-0.18,-0.16,-0.06,0,-0.02,-0.1,-0.2
-0.1,-0.16,-0.22,-0.26,-0.26,-0.26,-0.26,-0.22,-0.24,-0.24,-0.2,-0.16,-0.12,-0.08,-0.06,-0.06,-0.12,-0.16,-0.14,-0.08,-0.04,-0.06,-0.12,-0.16,-0.14,-0.1,-0.08,-0.04,-0.06,-0.08,-0.1,-0.12,-0.14,-0.16,-0.2,-0.2,-0.14,-0.08,-0.08,-0.1,-0.08,-0.06,-0.02,-0.02,-0.02,-0.06,-0.08,-0.08,-0.06,-0.02,-0.02,-0.06,-0.14,-0.22,-0.24,-0.16,-0.06,0.02,0.08,0.08,0.08,0.1,0.12,0.08,0.04,0,-0.04,-0.04,-0.04,-0.06,-0.06,-0.06,-0.08,-0.1,-0.12,-0.14,-0.14,-0.1,-0.04,0,0,-0.08,-0.14
-0.12,-0.2,-0.26,-0.22,-0.14,-0.12,-0.16,-0.22,-0.24,-0.26,-0.26,-0.24,-0.2,-0.14,-0.1,-0.08,-0.1,-0.1,-0.06,0,0.02,-0.02,-0.08,-0.14,-0.14,-0.14,-0.12,-0.1,-0.08,-0.08,-0.08,-0.12,-0.12,-0.16,-0.2,-0.18,-0.08,-0.02,-0.04,-0.1,-0.12,-0.06,-0.02,0,-0.02,-0.06,-0.08,-0.08,-0.06,-0.04,-0.06,-0.1,-0.18,-0.2,-0.18,-0.1,-0.04,0,0.06,0.1,0.12,0.14,0.12,0.08,0.02,-0.04,-0.08,-0.08,-0.06,-0.06,-0.08,-0.08,-0.08,-0.12,-0.14,-0.12,-0.1,-0.02,0.02,0,-0.02,-0.04,-0.04
-0.12,-0.24,-0.3,-0.22,-0.1,-0.04,-0.06,-0.14,-0.22,-0.26,-0.28,-0.26,-0.22,-0.18,-0.12,-0.1,-0.12,-0.1,-0.04,0.02,0.04,0,-0.06,-0.1,-0.12,-0.14,-0.16,-0.14,-0.1,-0.06,-0.06,-0.08,-0.1,-0.16,-0.18,-0.14,-0.04,0,-0.04,-0.1,-0.12,-0.08,-0.02,0,-0.02,-0.06,-0.06,-0.06,-0.06,-0.06,-0.1,-0.14,-0.16,-0.14,-0.08,-0.04,0,0,0.02,0.06,0.1,0.1,0.1,0.06,0.02,-0.04,-0.08,-0.08,-0.06,-0.08,-0.08,-0.08,-0.1,-0.12,-0.12,-0.08,-0.04,0,-0.02,-0.04,-0.04,0,0.04
-0.08,-0.2,-0.28,-0.24,-0.1,-0.02,-0.04,-0.12,-0.2,-0.24,-0.26,-0.24,-0.2,-0.18,-0.16,-0.14,-0.14,-0.12,-0.08,-0.02,0.02,0.02,-0.04,-0.08,-0.1,-0.14,-0.18,-0.14,-0.06,-0.02,-0.02,-0.08,-0.12,-0.16,-0.18,-0.14,-0.04,0,-0.04,-0.1,-0.12,-0.08,-0.04,-0.02,-0.04,-0.06,-0.06,-0.04,-0.06,-0.08,-0.12,-0.14,-0.12,-0.06,0,0.04,0.04,0,-0.02,-0.02,0,0.04,0.06,0.06,0.02,0,-0.02,-0.04,-0.06,-0.08,-0.08,-0.1,-0.12,-0.1,-0.08,-0.04,0,0,-0.06,-0.12,-0.1,0,0.08
-0.04,-0.18,-0.26,-0.24,-0.12,-0.06,-0.08,-0.14,-0.18,-0.2,-0.22,-0.2,-0.18,-0.16,-0.16,-0.18,-0.18,-0.16,-0.12,-0.06,0.02,0.04,0,-0.04,-0.12,-0.18,-0.18,-0.12,-0.04,0,-0.02,-0.08,-0.12,-0.16,-0.18,-0.12,-0.04,-0.04,-0.04,-0.06,-0.06,-0.04,-0.02,-0.02,-0.06,-0.08,-0.06,-0.06,-0.08,-0.1,-0.12,-0.12,-0.08,0,0.1,0.12,0.08,0,-0.08,-0.1,-0.06,0,0.06,0.04,0.02,-0.02,-0.02,-0.04,-0.06,-0.08,-0.1,-0.12,-0.1,-0.06,-0.02,0.02,0.02,-0.04,-0.12,-0.16,-0.12,0,0.08
0,-0.16,-0.26,-0.24,-0.16,-0.12,-0.1,-0.14,-0.16,-0.18,-0.2,-0.2,-0.2,-0.18,-0.16,-0.16,-0.18,-0.18,-0.12,-0.04,0.02,0.06,0.04,0,-0.1,-0.2,-0.22,-0.14,-0.02,0.02,0,-0.06,-0.14,-0.18,-0.16,-0.12,-0.06,-0.06,-0.04,-0.02,0,0.02,0.02,-0.02,-0.06,-0.1,-0.12,-0.12,-0.14,-0.12,-0.1,-0.08,-0.08,0.02,0.14,0.16,0.06,-0.06,-0.14,-0.14,-0.06,0.04,0.08,0.04,-0.02,-0.06,-0.08,-0.08,-0.08,-0.1,-0.12,-0.12,-0.08,-0.02,0.06,0.08,0.02,-0.06,-0.14,-0.14,-0.08,0,0.06
0.04,-0.12,-0.22,-0.24,-0.2,-0.18,-0.14,-0.12,-0.14,-0.16,-0.2,-0.22,-0.2,-0.16,-0.14,-0.14,-0.16,-0.16,-0.12,-0.04,0.02,0.06,0.04,0,-0.08,-0.18,-0.24,-0.2,-0.04,0.06,0.04,-0.04,-0.1,-0.16,-0.18,-0.14,-0.1,-0.06,-0.02,0.04,0.06,0.04,0.02,0,-0.06,-0.12,-0.14,-0.16,-0.16,-0.12,-0.08,-0.06,-0.06,0.02,0.12,0.12,0.02,-0.1,-0.14,-0.1,-0.02,0.06,0.06,0,-0.08,-0.1,-0.1,-0.1,-0.08,-0.08,-0.1,-0.08,-0.04,0.02,0.08,0.08,0,-0.08,-0.12,-0.1,-0.06,0,0.04
0.06,-0.08,-0.18,-0.22,-0.22,-0.2,-0.14,-0.1,-0.12,-0.18,-0.22,-0.22,-0.18,-0.12,-0.1,-0.1,-0.12,-0.12,-0.12,-0.08,-0.02,0.02,null,null,null,null,null,null,-0.1,0.06,0.08,0.02,-0.06,-0.14,-0.18,-0.18,-0.16,-0.1,0,0.06,0.08,0.06,0.02,0,-0.06,-0.1,-0.14,-0.14,-0.14,-0.1,-0.06,-0.04,-0.02,0.02,0.04,0,-0.08,-0.12,-0.12,-0.04,0.04,0.04,0,-0.06,-0.1,-0.1,-0.1,-0.08,-0.04,-0.04,-0.06,-0.06,-0.04,0,0.04,0.04,-0.02,-0.06,-0.1,-0.08,-0.04,0,0.02
0.04,-0.06,-0.14,-0.2,-0.22,-0.2,-0.14,-0.1,-0.12,-0.16,-0.2,-0.18,-0.12,-0.08,-0.06,-0.08,-0.1,-0.12,-0.12,-0.12,-0.08,-0.02,null,null,null,null,null,null,0,0.04,0.12,0.08,-0.02,-0.12,-0.2,-0.2,-0.16,-0.1,-0.02,0.06,0.08,0.04,0,-0.02,-0.04,-0.06,-0.1,-0.1,-0.1,-0.06,-0.02,0,0,0.02,-0.02,-0.12,-0.18,-0.18,-0.1,0,0.04,0.02,-0.02,-0.06,-0.1,-0.08,-0.06,-0.02,0,0,-0.02,-0.02,-0.04,-0.04,-0.02,0,-0.02,-0.06,-0.1,-0.12,-0.08,-0.04,0.02
0.06,-0.04,-0.12,-0.18,-0.18,-0.18,-0.14,-0.12,-0.14,-0.14,-0.16,-0.12,-0.06,-0.02,-0.04,-0.08,-0.12,-0.12,-0.14,-0.16,-0.14,-0.08,null,null,null,null,null,null,-0.06,0,0.1,0.12,0.02,-0.12,-0.18,-0.18,-0.12,-0.08,-0.04,0.02,0.02,-0.02,-0.04,-0.04,-0.02,-0.02,-0.04,-0.08,-0.08,-0.04,0.02,0.04,0.04,0.04,-0.04,-0.16,-0.24,-0.2,-0.1,-0.02,0.02,-0.02,-0.02,-0.04,-0.04,-0.02,0,0.02,0.02,0,0,-0.02,-0.06,-0.1,-0.06,-0.02,0,-0.04,-0.14,-0.18,-0.14,-0.04,0.06
0.04,-0.04,-0.14,-0.18,-0.18,-0.16,-0.16,-0.18,-0.18,-0.16,-0.12,-0.08,0,0.02,0,-0.06,-0.1,-0.12,-0.14,-0.18,-0.16,-0.08,null,null,null,null,null,null,-0.12,-0.08,0.02,0.06,0,-0.08,-0.12,-0.1,-0.06,-0.06,-0.04,-0.04,-0.04,-0.06,-0.08,-0.04,0,0,-0.04,-0.08,-0.08,-0.04,0.02,0.04,0.02,0.04,-0.02,-0.12,-0.2,-0.18,-0.12,-0.06,-0.04,-0.06,-0.02,0,0,0.02,0.04,0.06,0.04,0,-0.02,-0.04,-0.1,-0.12,-0.08,-0.04,-0.02,-0.04,-0.12,-0.16,-0.12,-0.02,0.06
0.04,-0.04,-0.14,-0.2,-0.18,-0.18,-0.2,-0.22,-0.22,-0.16,-0.1,-0.04,0.04,0.06,0.06,0.02,-0.02,-0.08,-0.14,-0.18,-0.18,-0.12,null,null,null,null,null,null,-0.18,-0.16,-0.1,-0.04,-0.04,-0.06,-0.06,-0.04,0,-0.02,-0.04,-0.04,-0.06,-0.08,-0.1,-0.06,-0.02,-0.02,-0.04,-0.06,-0.08,-0.04,0,0,0,0.02,0,-0.06,-0.1,-0.14,-0.12,-0.1,-0.1,-0.08,0,0.02,0.04,0.04,0.06,0.08,0.06,0,-0.04,-0.08,-0.12,-0.14,-0.08,-0.02,0,-0.02,-0.06,-0.1,-0.06,0,0.04
0.04,-0.04,-0.14,-0.2,-0.2,-0.2,-0.24,-0.26,-0.24,-0.16,-0.08,0,0.04,0.06,0.08,0.1,0.08,0,-0.1,-0.18,-0.2,-0.16,null,null,null,null,null,null,-0.22,-0.2,-0.2,-0.16,-0.1,-0.06,-0.04,-0.02,0.02,0,-0.02,-0.04,-0.06,-0.08,-0.1,-0.08,-0.06,-0.04,-0.02,-0.02,-0.04,-0.04,-0.04,-0.04,-0.04,-0.02,0,-0.02,-0.06,-0.1,-0.12,-0.12,-0.1,-0.06,0.06,0.1,0.04,0.02,0.04,0.08,0.08,0.02,-0.04,-0.12,-0.18,-0.18,-0.1,0,0.04,0.04,0.02,-0.02,-0.04,-0.02,0
0.06,-0.04,-0.14,-0.18,-0.2,-0.2,-0.24,-0.26,-0.22,-0.16,-0.08,0,0.02,0.06,0.1,0.16,0.14,0.06,-0.04,-0.14,-0.2,-0.2,-0.16,-0.14,-0.12,-0.1,-0.14,-0.22,-0.22,-0.22,-0.28,-0.24,-0.12,-0.08,-0.06,-0.04,0.02,0.02,0.02,-0.02,-0.04,-0.08,-0.1,-0.1,-0.08,-0.04,0.02,0.04,0,-0.04,-0.06,-0.08,-0.06,-0.04,-0.02,-0.02,-0.04,-0.08,-0.1,-0.1,-0.08,-0.02,0.14,0.14,0.02,-0.02,0.04,0.08,0.1,0.06,-0.06,-0.18,-0.24,-0.2,-0.1,0,0.1,0.1,0.06,0,-0.04,-0.06,-0.06
0.08,-0.02,-0.12,-0.18,-0.18,-0.2,-0.22,-0.22,-0.18,-0.12,-0.08,-0.02,0.02,0.04,0.08,0.14,0.12,0.06,-0.02,-0.1,-0.18,-0.2,-0.2,-0.16,-0.14,-0.1,-0.12,-0.16,-0.2,-0.24,-0.32,-0.3,-0.18,-0.14,-0.1,-0.04,0.02,0.04,0.02,-0.02,-0.08,-0.14,-0.16,-0.14,-0.1,-0.04,0.04,0.06,0.02,-0.04,-0.08,-0.1,-0.08,-0.08,-0.04,-0.02,-0.02,-0.06,-0.1,-0.08,-0.04,null,null,null,null,-0.06,0.02,0.06,0.1,0.08,-0.04,-0.2,-0.28,-0.24,-0.14,0,0.12,0.14,0.08,0,-0.04,-0.08,-0.08
0.12,0.02,-0.12,-0.18,-0.18,-0.18,-0.2,-0.18,-0.12,-0.08,-0.08,-0.06,-0.02,0,0.04,0.08,0.06,0.04,0,-0.06,-0.14,-0.18,-0.18,-0.16,-0.14,-0.1,-0.04,-0.08,-0.16,-0.24,-0.32,-0.32,-0.26,-0.2,-0.14,-0.02,0.02,0.02,0,-0.04,-0.14,-0.2,-0.22,-0.2,-0.14,-0.04,0.04,0.08,0.04,-0.02,-0.06,-0.1,-0.08,-0.08,-0.06,-0.04,-0.04,-0.04,-0.06,-0.04,0.02,null,null,null,null,-0.08,0,0.04,0.1,0.12,0,-0.18,-0.28,-0.26,-0.18,-0.04,0.1,0.12,0.06,-0.02,-0.06,-0.08,-0.06
0.18,0.08,-0.1,-0.18,-0.16,-0.16,-0.18,-0.16,-0.12,-0.08,-0.06,-0.08,-0.06,-0.04,0,0.02,0.04,0.04,0.02,-0.06,-0.14,-0.16,-0.16,-0.16,-0.14,-0.08,0,-0.02,-0.12,-0.2,-0.28,-0.3,-0.28,-0.24,-0.14,-0.02,0.04,0.02,-0.02,-0.1,-0.2,-0.28,-0.32,-0.28,-0.18,-0.06,0,0.06,0.08,0.04,-0.04,-0.08,-0.08,-0.08,-0.06,-0.06,-0.06,-0.06,-0.04,-0.02,0.02,0.06,0.08,0.06,0,-0.02,-0.02,0.02,0.1,0.14,0.06,-0.12,-0.26,-0.28,-0.22,-0.1,0.04,0.1,0.02,-0.06,-0.1,-0.06,-0.02
0.24,0.14,-0.06,-0.16,-0.16,-0.16,-0.2,-0.2,-0.16,-0.1,-0.08,-0.08,-0.08,-0.04,0,0.02,0.04,0.06,0,-0.1,-0.16,-0.18,-0.16,-0.14,-0.14,-0.1,-0.02,-0.02,-0.08,-0.14,-0.2,-0.22,-0.22,-0.22,-0.16,-0.04,0.02,0,-0.04,-0.14,-0.26,-0.34,-0.38,-0.34,-0.2,-0.08,-0.02,0.04,0.08,0.06,-0.02,-0.08,-0.08,-0.08,-0.06,-0.06,-0.06,-0.04,null,null,null,null,-0.02,0.02,0.08,0.06,0.02,0.02,0.08,0.12,0.08,-0.08,-0.2,-0.24,-0.22,-0.14,0,0.04,-0.04,-0.12,-0.12,-0.06,0.02
0.26,0.16,-0.04,-0.12,-0.12,-0.18,-0.24,-0.26,-0.22,-0.14,-0.08,-0.08,-0.06,0,0.06,0.08,0.08,0.04,-0.04,-0.14,-0.2,-0.22,-0.18,-0.14,-0.14,-0.12,-0.08,-0.06,-0.08,-0.1,-0.12,-0.12,-0.14,-0.18,-0.16,-0.1,-0.04,-0.04,-0.1,-0.18,-0.28,-0.34,-0.38,-0.34,-0.2,-0.06,-0.02,0.02,0.08,0.06,-0.04,-0.08,-0.08,-0.08,-0.08,-0.08,-0.06,0,null,null,null,null,-0.08,-0.02,0.1,0.08,0.02,0.02,0.04,0.08,0.08,0,-0.1,-0.16,-0.2,-0.14,-0.04,0,-0.1,-0.16,-0.14,-0.06,0.02
0.2,0.12,-0.02,-0.08,-0.1,-0.18,-0.26,-0.3,-0.26,-0.16,-0.08,-0.06,-0.04,0.02,0.08,0.14,0.12,0.04,-0.08,-0.18,-0.24,-0.26,-0.22,-0.16,-0.14,-0.14,-0.12,-0.1,-0.1,-0.1,-0.06,-0.04,-0.08,-0.12,-0.16,-0.18,-0.16,-0.14,-0.14,-0.18,-0.24,-0.3,-0.34,-0.32,-0.2,-0.08,-0.02,0.02,0.06,0.06,-0.04,-0.1,-0.1,-0.1,-0.08,-0.08,-0.06,0,null,null,null,null,-0.06,-0.02,0.06,0.04,0,-0.02,0.02,0.04,0.06,0.06,0,-0.08,-0.14,-0.12,-0.06,-0.04,-0.1,-0.18,-0.16,-0.08,-0.04
0.06,0.02,-0.02,-0.04,-0.06,-0.14,-0.26,-0.3,-0.26,-0.18,-0.1,-0.06,-0.04,0,0.06,0.12,0.12,0.06,-0.06,-0.16,-0.24,-0.3,-0.26,-0.18,-0.14,-0.1,-0.1,-0.1,-0.12,-0.1,-0.04,-0.02,-0.06,-0.08,-0.14,-0.22,-0.26,-0.22,-0.14,-0.14,-0.18,-0.24,-0.3,-0.3,-0.24,-0.12,-0.04,0.04,0.08,0.08,0,-0.08,-0.1,-0.1,-0.1,-0.1,-0.1,-0.08,null,null,null,0.02,0.02,0.06,0.06,0.02,-0.02,-0.04,-0.02,0,0.04,0.06,0.06,0,-0.06,-0.08,-0.04,-0.02,-0.06,-0.12,-0.16,-0.14,-0.1
