data/oscar_current_data_U.json
{"header": { "discipline": 10, "disciplineName": "Oceanographic_products", "center": -3, "centerName": "Earth & Space Research", "refTime": "2014-01-31T00:00:00.000Z", "significanceOfRT": 0, "significanceOfRTName": "Analysis", "parameterCategory": 1, "parameterCategoryName": "Currents", "parameterNumber": 2, "parameterNumberName": "U_component_of_current", "parameterUnit": "m.s-1", "forecastTime": 0, "surface1Type": 160, "surface1TypeName": "Depth below sea level", "surface1Value": 15, "numberPoints": 519480, "shape": 0, "shapeName": "Earth spherical with radius = 6,367,470 m", "scanMode": 0, "nx": 1080, "ny": 481, "lo1": 20, "la1": 80, "lo2": 379.6666666666667, "la2": -80, "dx": 0.3333333333333333, "dy": 0.3333333333333333 }, "data":
[rows 333 to 369 of 481, columns 984 to 1065 of 1080]
0.06,0.02,-0.02,-0.04,-0.02,-0.02,0,0.02,0.04,0.06,0.1,0.12,0.12,0.1,0.1,0.1,0.06,0.02,0.02,0.02,0.02,0.02,0.02,0.02,0.02,0.06,0.12,0.14,0.1,0.04,0,-0.02,-0.04,-0.04,-0.04,-0.02,0.02,0.06,0.12,0.2,0.26,0.3,0.34,0.32,0.24,0.12,0.02,-0.06,-0.06,-0.06,-0.04,-0.02,-0.04,-0.1,-0.14,-0.18,-0.2,-0.22,-0.2,-0.14,-0.1,-0.12,-0.12,-0.1,-0.06,-0.06,-0.04,-0.08,-0.16,-0.22,-0.24,-0.26,-0.3,-0.32,-0.3,-0.18,0.02,0.16,0.12,0,-0.08,-0.08
0.04,0.04,0.02,0.02,-0.02,-0.06,-0.06,-0.04,0.02,0.08,0.1,0.08,0.04,0.04,0.08,0.08,0.06,0.04,0.06,0.06,0,0,0.02,0.02,0.04,0.12,0.2,0.26,0.26,0.22,0.16,0.12,0.08,0.02,0,0,0.02,0.04,0.12,0.18,0.24,0.32,0.36,0.32,0.22,0.1,0,-0.04,-0.06,-0.06,-0.06,-0.06,-0.08,-0.18,-0.32,-0.38,-0.38,-0.34,-0.24,-0.14,-0.1,-0.12,-0.14,-0.14,-0.16,-0.16,-0.16,-0.16,-0.2,-0.2,-0.2,-0.2,-0.24,-0.28,-0.28,-0.28,-0.24,-0.2,-0.2,-0.24,-0.26,-0.22
0.02,0.04,0.06,0.06,-0.02,-0.08,-0.12,-0.1,-0.06,0,0.04,0.04,0.02,0.02,0.02,-0.02,-0.04,-0.02,0.02,0.02,0,-0.02,0,0.02,0.08,0.16,0.24,0.3,0.34,0.34,0.3,0.22,0.12,0.04,-0.02,-0.02,0,0.04,0.06,0.1,0.16,0.22,0.24,0.18,0.06,0,0,0,0,-0.04,-0.06,-0.06,-0.1,-0.18,-0.3,-0.4,-0.4,-0.3,-0.2,-0.12,-0.14,-0.16,-0.16,-0.14,-0.14,-0.18,-0.18,-0.18,-0.16,-0.12,-0.1,-0.1,-0.14,-0.18,-0.26,-0.36,-0.44,-0.52,-0.52,-0.46,-0.44,-0.42
0,0.06,0.08,0.06,0,-0.06,-0.12,-0.14,-0.16,-0.14,-0.08,0,0.04,0.02,-0.04,-0.1,-0.12,-0.1,-0.06,0,0,0,0.02,0.04,0.1,0.14,0.18,0.22,0.26,0.3,0.3,0.22,0.12,0.02,0,0,0.02,0,-0.04,-0.02,0.04,0.08,0.04,-0.02,-0.08,-0.06,-0.02,0.04,0.06,0.04,0,-0.04,-0.06,-0.1,-0.14,-0.16,-0.14,-0.12,-0.08,-0.1,-0.14,-0.16,-0.14,-0.12,-0.1,-0.08,-0.06,-0.04,-0.02,-0.02,0,-0.02,-0.08,-0.16,-0.24,-0.3,-0.36,-0.38,-0.34,-0.26,-0.26,-0.38
0.06,0.1,0.1,0.1,0.08,0.04,0,-0.08,-0.16,-0.16,-0.14,-0.08,-0.04,-0.06,-0.12,-0.14,-0.12,-0.1,-0.08,-0.04,-0.02,-0.02,0,0.04,0.06,0.1,0.1,0.12,0.14,0.18,0.2,0.16,0.08,0.02,0.04,0.04,0.02,-0.02,-0.08,-0.08,-0.06,-0.02,0,0,0.02,0.04,0.04,0.04,0.06,0.08,0.08,0.04,0,0.02,0.04,0.06,0.04,0.02,-0.04,-0.1,-0.12,-0.12,-0.08,-0.08,-0.06,-0.02,0.04,0.08,0.08,0.04,-0.02,-0.06,-0.08,-0.12,-0.18,-0.2,-0.16,-0.06,0.1,0.22,0.2,0.02
0.14,0.14,0.14,0.14,0.16,0.16,0.14,0.06,-0.02,-0.08,-0.14,-0.16,-0.14,-0.14,-0.14,-0.12,-0.08,-0.1,-0.1,-0.1,-0.08,-0.04,-0.02,0.02,0.04,0.04,0.04,0.04,0.06,0.08,0.1,0.08,0.02,0.02,0.04,0.06,0.04,0,-0.02,-0.06,-0.08,-0.04,0.02,0.1,0.18,0.2,0.16,0.1,0.06,0.08,0.1,0.1,0.1,0.12,0.14,0.12,0.06,0,-0.06,-0.08,-0.08,-0.04,-0.02,-0.02,-0.02,0.02,0.08,0.12,0.1,0.04,-0.04,-0.08,-0.1,-0.08,-0.08,-0.06,-0.02,0.12,0.34,0.54,0.58,0.46
0.14,0.12,0.1,0.12,0.16,0.2,0.22,0.18,0.12,0.02,-0.06,-0.12,-0.12,-0.08,-0.06,-0.02,0,-0.02,-0.06,-0.08,-0.06,0,0.04,0.04,0,-0.02,-0.02,0,0.02,0.04,0.04,0.02,0.04,0.04,0.06,0.06,0.06,0.08,0.1,0.08,0.04,0.04,0.08,0.14,0.2,0.24,0.22,0.16,0.1,0.08,0.1,0.12,0.16,0.2,0.22,0.18,0.08,-0.04,-0.1,-0.1,-0.04,0.04,0.08,0.06,0.02,0.02,0.04,0.04,0.04,0,-0.04,-0.1,-0.12,-0.08,-0.02,0.04,0.06,0.08,0.22,0.44,0.6,0.62
0.04,0.02,0.02,0.04,0.08,0.12,0.16,0.18,0.14,0.1,0.02,-0.02,-0.02,0.02,0.06,0.12,0.14,0.14,0.08,0,-0.02,0.02,0.02,0,-0.04,-0.06,-0.04,0,0.02,0.02,0.02,0.04,0.06,0.08,0.08,0.08,0.1,0.12,0.16,0.16,0.14,0.14,0.14,0.14,0.14,0.14,0.14,0.12,0.12,0.12,0.12,0.18,0.22,0.28,0.3,0.26,0.14,0,-0.1,-0.1,0.02,0.12,0.16,0.12,0.06,0,-0.04,-0.08,-0.1,-0.1,-0.1,-0.14,-0.16,-0.08,0.02,0.06,0.02,-0.04,-0.02,0.08,0.24,0.38
-0.08,-0.08,-0.04,-0.02,0,0.02,0.04,0.08,0.1,0.1,0.08,0.06,0.06,0.08,0.12,0.18,0.22,0.24,0.2,0.12,0.04,-0.02,-0.06,-0.1,-0.1,-0.08,-0.06,-0.02,0,0,0,0.04,0.06,0.04,0.06,0.08,0.12,0.14,0.14,0.16,0.16,0.18,0.18,0.14,0.12,0.08,0.06,0.08,0.1,0.1,0.12,0.16,0.18,0.2,0.22,0.2,0.14,0.06,-0.02,0,0.12,0.2,0.18,0.12,0.06,0,-0.1,-0.18,-0.16,-0.18,-0.22,-0.22,-0.12,0.02,0.12,0.06,-0.08,-0.18,-0.22,-0.28,-0.24,-0.06
-0.06,-0.1,-0.08,-0.06,-0.04,-0.04,-0.04,-0.04,0,0.04,0.08,0.1,0.12,0.12,0.12,0.16,0.18,0.2,0.2,0.14,0.06,-0.02,-0.06,-0.1,-0.1,-0.08,-0.06,-0.04,-0.02,-0.02,0,0.02,0.04,0.02,0.04,0.06,0.08,0.1,0.1,0.12,0.14,0.12,0.1,0.1,0.08,0.06,0.06,0.08,0.06,0.04,0.02,0.06,0.04,0.02,0,0,0.02,0.06,0.08,0.12,0.18,0.18,0.14,0.08,0.02,-0.04,-0.14,-0.18,-0.16,-0.14,-0.16,-0.12,-0.04,0.06,0.12,0.08,-0.04,-0.2,-0.36,-0.46,-0.46,-0.34
-0.02,-0.08,-0.1,-0.1,-0.08,-0.06,-0.08,-0.08,-0.08,-0.04,0.02,0.06,0.1,0.12,0.08,0.06,0.04,0.04,0.06,0.06,0.04,0,-0.04,-0.06,-0.08,-0.08,-0.08,-0.1,-0.1,-0.06,0,0.04,0.06,0.08,0.1,0.1,0.12,0.14,0.14,0.12,0.1,0.06,0.02,0,0.02,0.04,0.04,0.04,0.04,0,-0.04,-0.02,-0.04,-0.08,-0.12,-0.08,-0.02,0.04,0.12,0.18,0.16,0.12,0.06,-0.02,-0.08,-0.12,-0.14,-0.16,-0.14,-0.1,-0.02,0.02,0.02,-0.02,-0.02,-0.02,-0.06,-0.18,-0.36,-0.44,-0.46,-0.42
0,-0.06,-0.08,-0.1,-0.12,-0.1,-0.08,-0.06,-0.04,-0.04,-0.02,0,0.04,0.06,0.04,-0.04,-0.1,-0.14,-0.12,-0.06,-0.02,0,0,-0.04,-0.06,-0.08,-0.08,-0.12,-0.14,-0.1,-0.02,0.04,0.08,0.12,0.12,0.12,0.14,0.14,0.14,0.1,0.06,0.02,-0.04,-0.06,-0.04,-0.02,0,0,0.02,0.02,0.04,0.04,0,-0.04,-0.04,0.02,0.08,0.14,0.16,0.18,0.14,0.08,0,-0.1,-0.18,-0.16,-0.12,-0.12,-0.14,-0.12,-0.02,0,-0.06,-0.14,-0.22,-0.26,-0.26,-0.26,-0.3,-0.36,-0.38,-0.36
0.1,0.04,0,-0.04,-0.06,-0.08,-0.04,0,0.04,0.06,0.06,0.02,-0.02,0,0,-0.04,-0.12,-0.16,-0.16,-0.1,-0.04,-0.02,0,0,-0.02,-0.04,-0.08,-0.08,-0.08,-0.04,0,0.04,0.06,0.06,0.04,0.04,0.04,0.04,0.06,0.06,0.04,0,-0.02,-0.08,-0.1,-0.08,-0.06,-0.04,0.02,0.1,0.16,0.16,0.14,0.1,0.1,0.14,0.22,0.24,0.22,0.18,0.12,0.04,-0.02,-0.08,-0.06,0.04,0.08,0.02,-0.1,-0.14,-0.16,-0.18,-0.28,-0.36,-0.44,-0.52,-0.52,-0.44,-0.32,-0.28,-0.3,-0.3
0.16,0.16,0.14,0.12,0.08,0.04,0.02,0.04,0.1,0.16,0.18,0.14,0.06,0.04,0.06,0.04,0,-0.02,0,0.04,0.02,0,0,0.04,0.04,0.02,0.02,0.06,0.1,0.12,0.12,0.08,0.04,0.02,0,-0.02,-0.04,-0.06,-0.04,-0.02,0,0.02,0.02,-0.02,-0.08,-0.1,-0.08,-0.02,0.06,0.16,0.2,0.22,0.22,0.2,0.16,0.14,0.18,0.22,0.22,0.18,0.08,0,-0.06,0,0.12,0.24,0.26,0.16,0.02,-0.08,-0.18,-0.3,-0.42,-0.5,-0.6,-0.64,-0.62,-0.54,-0.4,-0.28,-0.24,-0.26
0.12,0.18,0.22,0.22,0.18,0.14,0.1,0.08,0.1,0.16,0.22,0.24,0.18,0.14,0.12,0.12,0.1,0.08,0.08,0.12,0.08,0.02,0.02,0.04,0.08,0.12,0.16,0.22,0.26,0.22,0.14,0.08,0.02,0,-0.04,-0.06,-0.1,-0.14,-0.14,-0.1,-0.02,0.04,0.08,0.08,0.04,-0.02,0,0.04,0.1,0.16,0.18,0.18,0.18,0.14,0.1,0.08,0.08,0.12,0.14,0.1,0.04,-0.04,-0.06,0,0.08,0.12,0.18,0.22,0.22,0.14,-0.02,-0.18,-0.32,-0.44,-0.54,-0.56,-0.54,-0.5,-0.4,-0.28,-0.26,-0.28
0.02,0.1,0.18,0.22,0.22,0.18,0.16,0.14,0.14,0.16,0.22,0.26,0.26,0.22,0.18,0.18,0.16,0.1,0.06,0.06,0.06,0.06,0.04,0.06,0.12,0.18,0.22,0.24,0.22,0.14,0.06,0.02,0,0,-0.02,-0.08,-0.12,-0.16,-0.16,-0.1,0,0.06,0.08,0.12,0.14,0.12,0.1,0.08,0.08,0.1,0.12,0.12,0.08,0.04,0,0,0.02,0.02,0.04,0.04,0,-0.02,-0.02,0.04,0.04,0.02,0.12,0.28,0.38,0.36,0.2,0.06,-0.08,-0.18,-0.22,-0.22,-0.24,-0.3,-0.3,-0.28,-0.3,-0.36
0.02,0.06,0.1,0.12,0.16,0.16,0.16,0.18,0.18,0.16,0.14,0.16,0.18,0.2,0.18,0.14,0.12,0.08,0.04,0.02,0.04,0.06,0.08,0.08,0.1,0.14,0.14,0.12,0.08,0.02,0,0.02,0.04,0.04,0.04,0,0,0,-0.02,0,0.02,0.04,0.04,0.08,0.12,0.14,0.12,0.08,0.04,0.02,0.02,0.02,-0.02,-0.04,-0.04,-0.02,-0.02,-0.02,-0.02,0,0,0,0,0.02,0.02,0.02,0.08,0.16,0.22,0.28,0.24,0.22,0.18,0.16,0.2,0.26,0.22,0.1,-0.04,-0.18,-0.28,-0.38
0.1,0.1,0.08,0.08,0.1,0.12,0.14,0.16,0.16,0.1,0.04,0.04,0.06,0.08,0.08,0.06,0.04,0.04,0.04,0.02,0.02,0.06,0.08,0.08,0.08,0.06,0.04,0.02,0.02,0.02,0.04,0.06,0.08,0.1,0.12,0.12,0.14,0.14,0.14,0.1,0.04,0.02,0,0,0.02,0.04,0.06,0.04,0.02,-0.04,-0.08,-0.1,-0.1,-0.1,-0.08,-0.08,-0.08,-0.06,-0.04,-0.02,0,0,0,-0.02,-0.1,-0.18,-0.22,-0.18,-0.06,0.12,0.22,0.26,0.32,0.4,0.52,0.58,0.56,0.46,0.3,0.08,-0.1,-0.24
0.1,0.08,0.08,0.1,0.1,0.1,0.1,0.12,0.12,0.1,0.04,0.04,0.04,0.04,0.02,0,0.02,0.04,0.04,0.02,0.04,0.04,0.06,0.08,0.06,0.04,0.04,0.04,0.08,0.12,0.12,0.08,0.08,0.12,0.14,0.16,0.18,0.18,0.18,0.14,0.06,0.02,0,-0.04,-0.06,-0.04,0,0.06,0.06,0.02,-0.04,-0.08,-0.1,-0.12,-0.16,-0.18,-0.18,-0.14,-0.1,-0.08,-0.02,0.02,0.04,0,-0.1,-0.22,-0.32,-0.28,-0.16,0,0.14,0.26,0.36,0.44,0.46,0.5,0.52,0.54,0.46,0.26,0.08,0
0.06,0.04,0.04,0.06,0.06,0.04,0.04,0.06,0.08,0.1,0.06,0.06,0.08,0.08,0.04,0.04,0.04,0.06,0.04,0.04,0.04,0.06,0.1,0.12,0.12,0.1,0.12,0.12,0.14,0.16,0.14,0.1,0.06,0.08,0.12,0.18,0.2,0.2,0.18,0.14,0.08,0.04,0.02,-0.02,-0.06,-0.04,0,0.06,0.06,0.06,0.02,0,-0.04,-0.12,-0.2,-0.28,-0.28,-0.22,-0.18,-0.12,-0.04,0.04,0.08,0.06,0.04,-0.02,-0.08,-0.1,-0.06,0.02,0.1,0.22,0.3,0.36,0.36,0.38,0.46,0.54,0.54,0.44,0.34,0.26
0.06,0.02,0,-0.04,-0.04,-0.02,0,0.02,0.04,0.04,0.02,0.02,0.04,0.06,0.08,0.08,0.1,0.1,0.08,0.06,0.06,0.08,0.12,0.14,0.14,0.16,0.16,0.14,0.14,0.12,0.12,0.08,0.06,0.06,0.08,0.1,0.12,0.12,0.1,0.08,0.06,0.04,0.02,0,0,0,0,0.02,0.04,0.06,0.06,0.08,0.06,0,-0.06,-0.12,-0.16,-0.18,-0.14,-0.1,-0.04,0.04,0.08,0.12,0.16,0.18,0.14,0.08,0.02,0.04,0.06,0.18,0.3,0.4,0.44,0.48,0.52,0.62,0.7,0.72,0.64,0.5
0.04,0.02,0.02,-0.02,-0.04,0,0.04,0.06,0.04,0.02,-0.02,-0.06,-0.04,0,0.04,0.08,0.12,0.12,0.1,0.08,0.06,0.08,0.1,0.1,0.1,0.1,0.1,0.1,0.06,0.02,0.02,0.06,0.06,0.06,0.04,0.02,0.02,0.04,0.08,0.1,0.08,0.06,0.02,0.02,0.04,0.04,0.04,0.02,0.04,0.04,0.06,0.1,0.18,0.22,0.22,0.18,0.1,0.06,0.02,0,0,0,0.04,0.12,0.18,0.2,0.18,0.12,0,-0.06,-0.08,0,0.1,0.26,0.34,0.44,0.54,0.64,0.72,0.76,0.72,0.54
0,0,0.02,0.02,0.04,0.08,0.1,0.08,0.02,0,0,0,-0.02,-0.02,0,0.02,0.04,0.04,0.06,0.08,0.1,0.08,0.06,0.06,0.04,0.04,0.02,0,-0.04,-0.06,-0.02,0,0,-0.02,-0.02,0.02,0.06,0.14,0.16,0.16,0.12,0.08,0.06,0.06,0.08,0.08,0.08,0.08,0.08,0.06,0.04,0.04,0.14,0.26,0.3,0.28,0.26,0.2,0.16,0.14,0.08,0.06,0.06,0.1,0.12,0.12,0.1,0.06,0,-0.1,-0.28,-0.4,-0.4,-0.24,0,0.24,0.4,0.42,0.38,0.4,0.42,0.34
-0.02,0,0.02,0.04,0.1,0.14,0.12,0.06,0,0,0.02,0.04,0.02,0,-0.02,-0.02,-0.02,-0.02,0,0.06,0.1,0.08,0.02,0,0,0,-0.04,-0.06,-0.06,-0.04,-0.04,-0.06,-0.08,-0.12,-0.1,0,0.08,0.16,0.16,0.14,0.08,0.06,0.06,0.06,0.04,0.06,0.08,0.1,0.08,0.06,0.04,0.02,0.02,0.08,0.16,0.22,0.24,0.24,0.22,0.2,0.18,0.12,0.1,0.08,0.06,0.02,0,0,0,-0.12,-0.36,-0.56,-0.64,-0.5,-0.24,0,0.1,0.06,-0.04,-0.06,0,0.04
0.04,0.04,0.04,0.08,0.12,0.12,0.08,0.02,0,0.02,0.04,0.04,0.04,0.02,0,0,0,0,0,0,0.04,0.04,0,-0.02,-0.02,-0.02,0,0,0.02,0,-0.02,-0.06,-0.08,-0.08,-0.06,-0.04,0.02,0.04,0.04,0.04,0.04,0.04,0.02,0,0,-0.02,0,0.02,0.02,0.04,0.1,0.12,0.08,0.04,0.08,0.14,0.2,0.2,0.2,0.2,0.2,0.16,0.14,0.1,0.04,0,0,0,-0.06,-0.18,-0.3,-0.38,-0.4,-0.38,-0.36,-0.36,-0.38,-0.36,-0.32,-0.32,-0.32,-0.28
0.08,0.08,0.08,0.1,0.1,0.06,0.02,0.02,0.04,0.06,0.08,0.08,0.06,0.02,0.02,0.04,0.04,0.04,0,-0.02,0,0,0,-0.02,-0.02,-0.02,0.02,0.06,0.06,0.02,0,0,0.02,0.04,0.04,0.02,0,-0.04,-0.06,-0.04,0,0.04,0.06,0.06,0.06,0.02,0,0,0.02,0.06,0.14,0.22,0.22,0.18,0.16,0.2,0.2,0.2,0.2,0.2,0.18,0.14,0.1,0.06,0.02,-0.02,-0.02,-0.02,-0.08,-0.16,-0.2,-0.18,-0.2,-0.28,-0.48,-0.74,-0.86,-0.78,-0.62,-0.54,-0.52,-0.44
0.1,0.08,0.08,0.08,0.06,0.04,0.04,0.04,0.04,0.04,0.06,0.06,0.04,0,0,0.02,0.04,0.04,0.04,0.02,0,0,0,0,-0.02,-0.04,-0.04,-0.02,0,0.02,0.04,0.06,0.08,0.08,0.06,0.04,-0.02,-0.08,-0.1,-0.08,-0.04,0.02,0.12,0.18,0.16,0.12,0.08,0.08,0.08,0.12,0.18,0.2,0.2,0.16,0.16,0.14,0.16,0.18,0.2,0.2,0.14,0.08,0.02,0,0,-0.02,-0.04,0,0.04,0.04,0.02,-0.02,-0.08,-0.12,-0.28,-0.58,-0.84,-0.94,-0.88,-0.8,-0.68,-0.44
0.08,0.06,0.04,0.04,0.02,0.04,0.06,0.06,0.04,0.02,0.02,0.02,0,-0.02,-0.02,-0.02,0,0,0.02,0.06,0.06,0.04,0.02,0,-0.02,-0.04,-0.06,-0.06,-0.02,0.04,0.06,0.08,0.08,0.06,0.02,-0.02,-0.06,-0.06,-0.06,-0.06,-0.04,0.02,0.12,0.16,0.18,0.18,0.16,0.14,0.14,0.18,0.18,0.14,0.1,0.08,0.06,0.06,0.06,0.08,0.12,0.12,0.08,0.04,0.04,0.08,0.1,0.06,0.02,0.06,0.14,0.24,0.26,0.26,0.26,0.3,0.34,0.18,-0.2,-0.58,-0.86,-0.92,-0.74,-0.38
-0.04,-0.02,-0.02,-0.04,-0.04,0,0.06,0.08,0.08,0.04,0,-0.02,-0.04,-0.04,-0.04,-0.04,-0.04,-0.02,0.02,0.04,0.04,0.02,0,-0.02,-0.02,0,-0.02,-0.02,0,0.02,0.04,0.04,0.06,0.04,0,-0.04,-0.04,0,0.04,0.04,0.04,0.04,0.06,0.08,0.1,0.1,0.08,0.06,0.06,0.08,0.04,0,-0.02,0.02,0.06,0.06,0.04,0.02,0,-0.04,-0.02,0.04,0.12,0.14,0.16,0.14,0.08,0.06,0.12,0.26,0.4,0.5,0.56,0.6,0.58,0.52,0.32,-0.02,-0.36,-0.52,-0.46,-0.24
-0.12,-0.1,-0.08,-0.08,-0.08,-0.04,0.02,0.06,0.06,0.02,-0.04,-0.08,-0.08,-0.08,-0.06,-0.04,-0.02,0,0,-0.02,-0.04,-0.06,-0.04,-0.02,0,0.04,0.04,0.04,0.02,0.02,0.02,0.04,0.04,0.04,0.02,0.02,0.02,0.04,0.08,0.1,0.1,0.08,0.06,0.04,0.04,0.02,-0.02,-0.06,-0.08,-0.12,-0.14,-0.16,-0.14,-0.06,0.02,0.04,0.02,-0.04,-0.12,-0.16,-0.12,-0.02,0.04,0.04,0.04,0.08,0.08,0.06,0.12,0.28,0.44,0.52,0.5,0.4,0.24,0.22,0.28,0.3,0.24,0.16,0.08,0.04
-0.06,-0.08,-0.1,-0.1,-0.1,-0.1,-0.06,-0.02,0,-0.02,-0.06,-0.08,-0.06,-0.02,0.02,0.02,0.02,0.02,-0.02,-0.06,-0.06,-0.04,0,0.02,0.04,0.04,0.04,0.04,0.04,0.04,0.06,0.06,0.04,0.02,0.04,0.04,0.06,0.04,0.06,0.08,0.1,0.08,0.04,0.02,0.02,0,-0.04,-0.08,-0.12,-0.16,-0.18,-0.18,-0.16,-0.12,-0.02,0.02,0.02,-0.02,-0.1,-0.14,-0.14,-0.12,-0.1,-0.1,-0.08,0,0.04,0.06,0.12,0.24,0.38,0.46,0.38,0.16,0,0,0.16,0.36,0.56,0.58,0.44,0.24
0,-0.02,-0.06,-0.08,-0.08,-0.1,-0.1,-0.08,-0.04,-0.02,-0.02,0,0.02,0.06,0.08,0.06,0.04,0,-0.02,-0.04,-0.02,0,0.04,0.04,0.04,0.02,0,0,0.02,0.04,0.06,0.06,0.04,0.04,0.06,0.1,0.1,0.08,0.04,0.06,0.08,0.08,0.06,0.02,0,0,0,-0.02,-0.04,-0.08,-0.1,-0.1,-0.1,-0.08,-0.04,0.02,0.06,0.08,0.04,-0.02,-0.06,-0.08,-0.1,-0.08,-0.02,0.06,0.1,0.14,0.2,0.24,0.28,0.28,0.18,0.08,0.04,0.12,0.24,0.38,0.5,0.52,0.42,0.26
0.02,0.06,0.06,0.02,-0.02,-0.06,-0.1,-0.08,-0.04,0,0.04,0.04,0.04,0.06,0.06,0.04,0,-0.02,-0.04,-0.04,-0.04,0,0.02,0.04,0.06,0.04,0.02,0,0,0,-0.02,-0.02,0,0.04,0.08,0.08,0.08,0.06,0.04,0.02,0.02,0.02,0.02,0,-0.02,0,0.02,0.04,0.04,0.02,0,0.02,0.02,0.02,0,0.02,0.06,0.1,0.1,0.1,0.04,0,-0.02,0.02,0.08,0.12,0.16,0.22,0.24,0.22,0.16,0.04,-0.06,-0.06,-0.04,0.04,0.12,0.2,0.22,0.22,0.24,0.22
0.14,0.2,0.2,0.14,0.08,0.02,-0.02,-0.04,-0.02,0.04,0.08,0.08,0.06,0.04,0.02,0.02,0.02,-0.02,-0.02,0,-0.02,-0.04,-0.02,0.04,0.08,0.12,0.12,0.1,0.02,-0.04,-0.12,-0.1,-0.06,0,0.02,0.02,0.02,0.02,0.02,-0.02,-0.04,-0.06,-0.08,-0.08,-0.06,-0.02,0.02,0.04,0.06,0.08,0.1,0.12,0.14,0.12,0.08,0.08,0.1,0.12,0.14,0.12,0.06,0.02,0.02,0.06,0.08,0.1,0.14,0.16,0.14,0.08,-0.02,-0.1,-0.14,-0.14,-0.12,-0.1,-0.06,-0.04,-0.04,-0.02,0.08,0.18
0.26,0.28,0.26,0.2,0.14,0.12,0.08,0.02,-0.02,0,0.04,0.08,0.08,0.04,0.02,0.02,0.04,0.04,0.06,0.06,0.04,0.02,0.02,0.06,0.1,0.14,0.14,0.12,0.06,-0.02,-0.08,-0.08,-0.06,-0.02,0.04,0.06,0.06,0.04,0.02,0,0,-0.04,-0.08,-0.06,-0.02,0.04,0.08,0.1,0.12,0.14,0.18,0.22,0.24,0.22,0.18,0.16,0.16,0.14,0.12,0.1,0.08,0.06,0.06,0.08,0.08,0.06,0.08,0.08,0.04,-0.02,-0.06,-0.06,-0.1,-0.14,-0.14,-0.1,-0.08,-0.06,-0.08,-0.08,0,0.1
0.24,0.18,0.14,0.12,0.14,0.14,0.12,0.08,0.02,0.02,0.04,0.06,0.08,0.04,0.02,0.04,0.06,0.1,0.1,0.1,0.12,0.12,0.1,0.08,0.08,0.08,0.08,0.08,0.08,0.08,0.06,0.04,0.04,0.06,0.08,0.08,0.06,0.02,0.02,0.04,0.06,0.06,0.02,0,0.02,0.06,0.08,0.1,0.12,0.12,0.18,0.22,0.26,0.28,0.24,0.16,0.12,0.1,0.08,0.1,0.12,0.12,0.12,0.1,0.08,0.06,0.06,0.04,0.04,0.02,0.02,0,-0.04,-0.04,-0.02,-0.02,-0.02,-0.04,-0.08,-0.1,-0.08,-0.1
0.08,0.06,0.02,0.02,0.06,0.12,0.14,0.16,0.16,0.14,0.1,0.08,0.08,0.06,0.02,0.06,0.1,0.1,0.1,0.1,0.1,0.1,0.08,0.06,0.04,0.04,0.06,0.06,0.1,0.12,0.16,0.16,0.14,0.12,0.12,0.1,0.04,0.02,0.02,0.04,0.06,0.06,0,-0.04,-0.04,0,0.06,0.1,0.14,0.14,0.14,0.16,0.18,0.2,0.16,0.08,0.02,0,0.06,0.1,0.16,0.16,0.12,0.08,0.02,0,-0.02,0,0.02,0.04,0.06,0.04,0.02,0.06,0.12,0.1,0.02,-0.08,-0.16,-0.18,-0.2,-0.24
